14.285714285714286
21.904761904761905
27.61904761904762
41.42857142857143
36.666666666666664
42.38095238095238
55.714285714285715
50.95238095238095
54.285714285714285
58.57142857142857
57.142857142857146
54.285714285714285
55.714285714285715
61.42857142857143
64.76190476190476
51.42857142857143
67.61904761904762
65.71428571428571
60.95238095238095
78.0952380952381
78.57142857142857
78.0952380952381
76.66666666666667
80.47619047619048
82.38095238095238
83.33333333333333
82.85714285714286
82.38095238095238
82.85714285714286
83.80952380952381
82.38095238095238
81.9047619047619
80.95238095238095
79.04761904761905
81.9047619047619
79.52380952380952
92.85714285714286
94.76190476190476
96.66666666666667
95.71428571428571
96.66666666666667
98.0952380952381
97.14285714285714
98.0952380952381
94.76190476190476
96.66666666666667
96.19047619047619
99.04761904761905
93.80952380952381
98.57142857142857
94.28571428571429
99.52380952380952
99.04761904761905
90.47619047619048
90.0
97.61904761904762
98.0952380952381
95.71428571428571
96.19047619047619
98.0952380952381
97.14285714285714
96.19047619047619
97.14285714285714
97.61904761904762
94.28571428571429
97.61904761904762
96.66666666666667
98.57142857142857
96.19047619047619
93.80952380952381
98.0952380952381
98.0952380952381
94.76190476190476
95.23809523809524
97.61904761904762
95.23809523809524
96.19047619047619
97.14285714285714
99.04761904761905
98.0952380952381
96.19047619047619
95.23809523809524
94.76190476190476
98.57142857142857
97.61904761904762
97.14285714285714
95.23809523809524
97.61904761904762
94.76190476190476
97.14285714285714
97.14285714285714
97.14285714285714
98.57142857142857
96.19047619047619
97.61904761904762
98.0952380952381
97.61904761904762
97.61904761904762
98.0952380952381
97.14285714285714
97.61904761904762
97.61904761904762
98.57142857142857
97.14285714285714
97.14285714285714
93.33333333333333
96.19047619047619
95.23809523809524
94.76190476190476
100.0
96.19047619047619
96.66666666666667
96.66666666666667
97.14285714285714
97.61904761904762
97.61904761904762
97.14285714285714
93.33333333333333
96.19047619047619
95.71428571428571
