1.941511631011963
1.9277809858322144
1.898474931716919
1.874393343925476
1.8345377445220947
1.7650094032287598
1.7272027730941772
1.6938834190368652
1.6583107709884644
1.6332147121429443
1.6319959163665771
1.6107293367385864
1.5968222618103027
1.5777193307876587
1.5419154167175293
1.5008474588394165
1.4742268323898315
1.4493920803070068
1.4310086965560913
1.4044724702835083
1.3988198041915894
1.3878296613693237
1.3945996761322021
1.3793448209762573
1.362368106842041
1.3722212314605713
1.3590940237045288
1.3501224517822266
1.3575712442398071
1.353742003440857
1.348079800605774
1.3288776874542236
1.3306849002838135
1.3238511085510254
1.3207751512527466
1.3141944408416748
1.3156626224517822
1.3131392002105713
1.3088265657424927
1.308410406112671
1.307652235031128
1.3008862733840942
1.2926151752471924
1.2905347347259521
1.2980631589889526
1.295300006866455
1.2804404497146606
1.2842011451721191
1.2889132499694824
1.2845076322555542
1.279929518699646
1.2750840187072754
1.2733376026153564
1.2943586111068726
1.2916767597198486
1.2814522981643677
1.2517879009246826
1.2479580640792847
1.222909688949585
1.2226364612579346
1.2185064554214478
1.206607460975647
1.2049694061279297
1.202534556388855
1.1935540437698364
1.205979824066162
1.2055411338806152
1.199601650238037
1.1884253025054932
1.192428469657898
1.1845673322677612
1.1900959014892578
1.188647985458374
1.1847589015960693
1.1803109645843506
1.1830683946609497
1.1798467636108398
1.186035394668579
1.1837289333343506
1.1828601360321045
1.1812294721603394
1.184790015220642
1.1847509145736694
1.1811554431915283
1.1813700199127197
1.178642749786377
1.18209969997406
1.1796519756317139
1.178189754486084
1.1789920330047607
1.1787045001983643
1.181168794631958
1.18038809299469
1.1845827102661133
1.1819244623184204
1.1831190586090088
1.1825581789016724
1.1835331916809082
1.184016466140747
1.1799848079681396
1.179555058479309
1.182045578956604
1.1746065616607666
1.1765954494476318
1.1841903924942017
1.178057312965393
1.1782927513122559
1.1771390438079834
1.1778013706207275
1.1791863441467285
1.1765280961990356
1.1767786741256714
1.1751240491867065
1.1734644174575806
1.176611304283142
1.1777936220169067
1.1781055927276611
1.1767185926437378
1.180221438407898
1.1774156093597412
