18.288902665840048
37.445753254804714
18.288902665840048
37.07377557346559
37.63174209547427
40.66955982641041
47.17916924984501
62.36825790452573
50.09299442033478
51.58090514569126
49.96900185988841
68.31990080595165
58.71047737135772
68.13391196528208
78.92126472411655
80.71915685058896
81.64910105393676
75.88344699318041
81.09113453192809
79.91320520768754
81.83508989460633
84.00495970241785
89.52262864228146
85.6168629882207
89.3986360818351
81.21512709237446
88.22070675759454
89.58462492250464
89.77061376317421
89.77061376317421
89.33663980161191
89.64662120272784
89.46063236205828
89.8326100433974
89.64662120272784
89.58462492250464
89.77061376317421
88.96466212027278
89.64662120272784
89.70861748295103
89.52262864228146
89.52262864228146
89.70861748295103
89.77061376317421
89.64662120272784
89.70861748295103
89.64662120272784
89.70861748295103
89.77061376317421
89.77061376317421
89.77061376317421
89.70861748295103
89.3986360818351
89.77061376317421
99.75201487910725
99.62802231866088
99.31804091754495
99.75201487910725
99.5660260384377
99.5040297582145
99.5040297582145
99.75201487910725
99.44203347799132
99.62802231866088
99.5660260384377
99.38003719776813
99.38003719776813
99.69001859888407
99.69001859888407
99.5040297582145
99.81401115933043
99.81401115933043
99.5660260384377
99.75201487910725
99.62802231866088
99.81401115933043
99.69001859888407
99.62802231866088
99.75201487910725
99.69001859888407
99.75201487910725
99.75201487910725
99.75201487910725
99.87600743955363
99.44203347799132
99.87600743955363
99.81401115933043
99.75201487910725
99.81401115933043
99.69001859888407
99.87600743955363
99.69001859888407
99.81401115933043
99.75201487910725
99.93800371977682
99.69001859888407
99.81401115933043
99.87600743955363
99.69001859888407
99.81401115933043
99.69001859888407
99.5660260384377
99.93800371977682
99.62802231866088
99.87600743955363
99.75201487910725
99.87600743955363
99.5040297582145
99.5660260384377
100.0
99.81401115933043
99.75201487910725
99.75201487910725
99.87600743955363
99.69001859888407
99.81401115933043
99.93800371977682
99.75201487910725
99.62802231866088
99.81401115933043
