18.288902665840048
27.030378177309363
25.23248605083695
28.828270303781775
48.357098574085555
41.47551146931184
68.19590824550527
66.89398636081835
67.82393056416615
80.28518288902666
75.13949163050216
90.01859888406696
89.95660260384376
88.15871047737136
90.08059516429014
90.20458772473651
84.62492250464972
90.3285802851829
90.2665840049597
80.47117172969622
90.45257284562926
87.97272163670179
90.01859888406696
90.3285802851829
90.2665840049597
91.38251704897706
90.14259144451333
98.88406695598265
97.33415995040298
94.11035337879727
98.1401115933044
98.69807811531308
98.94606323620583
99.31804091754495
98.57408555486671
99.19404835709858
99.62802231866088
99.44203347799132
99.5660260384377
99.5040297582145
99.00805951642901
99.5040297582145
97.76813391196528
99.13205207687538
99.62802231866088
99.5660260384377
99.31804091754495
99.69001859888407
99.44203347799132
99.25604463732176
99.0700557966522
99.25604463732176
99.31804091754495
98.94606323620583
99.31804091754495
99.5660260384377
99.38003719776813
99.69001859888407
99.62802231866088
99.13205207687538
99.00805951642901
99.69001859888407
99.31804091754495
99.0700557966522
99.00805951642901
99.75201487910725
99.5040297582145
99.25604463732176
99.5660260384377
99.75201487910725
99.44203347799132
99.25604463732176
99.69001859888407
99.62802231866088
99.69001859888407
99.5660260384377
99.5660260384377
99.38003719776813
99.69001859888407
99.5660260384377
99.44203347799132
99.44203347799132
99.38003719776813
99.31804091754495
99.62802231866088
99.69001859888407
99.75201487910725
99.44203347799132
99.5660260384377
99.44203347799132
99.69001859888407
99.44203347799132
99.44203347799132
99.62802231866088
99.69001859888407
99.62802231866088
99.75201487910725
99.69001859888407
99.62802231866088
99.69001859888407
99.38003719776813
99.75201487910725
99.62802231866088
99.69001859888407
99.5660260384377
99.75201487910725
99.5660260384377
99.81401115933043
99.5660260384377
99.31804091754495
99.75201487910725
99.0700557966522
99.38003719776813
99.87600743955363
99.62802231866088
99.44203347799132
99.75201487910725
99.75201487910725
99.62802231866088
99.75201487910725
