1.9486004114151
1.9031981229782104
1.8270087242126465
1.7270169258117676
1.6532670259475708
1.5901272296905518
1.5506354570388794
1.501976490020752
1.5036473274230957
1.4598479270935059
1.433469295501709
1.4395225048065186
1.429392695426941
1.4336203336715698
1.4333316087722778
1.428625226020813
1.4417307376861572
1.4128845930099487
1.3916411399841309
1.353562593460083
1.322343349456787
1.3199788331985474
1.3158618211746216
1.316851258277893
1.2896685600280762
1.2896473407745361
1.2803524732589722
1.2722572088241577
1.2683513164520264
1.2659655809402466
1.2597486972808838
1.2511433362960815
1.2539551258087158
1.2580839395523071
1.2645143270492554
1.2547698020935059
1.2619147300720215
1.2156234979629517
1.1921439170837402
1.1876074075698853
1.1836295127868652
1.1864299774169922
1.1928588151931763
1.1974060535430908
1.1784329414367676
1.1767805814743042
1.1772360801696777
1.175174593925476
1.1791738271713257
1.1758687496185303
1.1740480661392212
1.1761654615402222
1.1755962371826172
1.181663990020752
1.1845154762268066
1.181050419807434
1.1766940355300903
1.1697272062301636
1.1688886880874634
1.168876051902771
1.1683119535446167
1.1690263748168945
1.1694096326828003
1.1698956489562988
1.1695842742919922
1.1761831045150757
1.1705048084259033
1.1708029508590698
1.1763901710510254
1.1823108196258545
1.1783421039581299
1.1717582941055298
1.171512246131897
1.1709128618240356
1.171178936958313
1.1731069087982178
1.1754804849624634
1.1755932569503784
1.1691354513168335
1.1708776950836182
1.1691317558288574
1.1721769571304321
1.1717383861541748
1.1711211204528809
1.1698089838027954
1.1724766492843628
1.171574354171753
1.1687664985656738
1.170552134513855
1.169272541999817
1.1684343814849854
1.1721998453140259
1.1684626340866089
1.1676815748214722
1.1686279773712158
1.1682353019714355
1.1677674055099487
1.1672356128692627
1.1672130823135376
1.1673685312271118
1.1678951978683472
1.1670854091644287
1.168372392654419
1.1694997549057007
1.170087456703186
1.168666958808899
1.178747296333313
1.1725263595581055
1.1749120950698853
1.1724637746810913
1.171349048614502
1.1693871021270752
1.1680563688278198
1.168748378753662
1.1684777736663818
1.1706799268722534
1.17982017993927
1.1790261268615723
1.1771050691604614
1.1740469932556152
