1.9464256763458252
1.9381808042526245
1.9153954982757568
1.8779019117355347
1.8380565643310547
1.8224105834960938
1.7544925212860107
1.7230044603347778
1.6601407527923584
1.58984375
1.5190739631652832
1.4749449491500854
1.4735379219055176
1.4314265251159668
1.4354907274246216
1.4132225513458252
1.3863463401794434
1.3818645477294922
1.3616384267807007
1.3451402187347412
1.3370157480239868
1.3241832256317139
1.325859785079956
1.3103770017623901
1.3161711692810059
1.3095860481262207
1.3005937337875366
1.2997990846633911
1.2981626987457275
1.2862753868103027
1.290121078491211
1.2930259704589844
1.264861822128296
1.2575207948684692
1.2529977560043335
1.2546541690826416
1.247645616531372
1.2462986707687378
1.23623526096344
1.2476544380187988
1.2448177337646484
1.2298928499221802
1.2389805316925049
1.2289366722106934
1.2177317142486572
1.2155836820602417
1.2134743928909302
1.2071596384048462
1.2122341394424438
1.2055106163024902
1.2047998905181885
1.2038567066192627
1.2004417181015015
1.2013574838638306
1.2061642408370972
1.1965763568878174
1.1928895711898804
1.1947274208068848
1.1907179355621338
1.191774606704712
1.194583535194397
1.1914029121398926
1.195581316947937
1.1955294609069824
1.197408676147461
1.1953009366989136
1.1856112480163574
1.1902259588241577
1.1932437419891357
1.1914503574371338
1.1929699182510376
1.1832935810089111
1.1903834342956543
1.1906806230545044
1.181683897972107
1.1833895444869995
1.1913292407989502
1.1903603076934814
1.1838433742523193
1.1851187944412231
1.181559443473816
1.1826459169387817
1.189407229423523
1.1877599954605103
1.1828014850616455
1.1826447248458862
1.1813725233078003
1.185046911239624
1.1818846464157104
1.1803312301635742
1.1832696199417114
1.185058355331421
1.1808671951293945
1.1769635677337646
1.1791146993637085
1.180819034576416
1.1762295961380005
1.179086685180664
1.1772180795669556
1.1792082786560059
1.182262659072876
1.1797035932540894
1.1797727346420288
1.176060438156128
1.1795307397842407
1.1827539205551147
1.1790271997451782
1.1810545921325684
1.1804683208465576
1.183093547821045
1.1803123950958252
1.191673994064331
1.1948482990264893
1.1897375583648682
1.1806678771972656
1.1803920269012451
1.178678035736084
1.1742533445358276
1.1755427122116089
1.1757378578186035
